1 1  0.00145586 9.81452e-13 
1 2  0.0  -9.1756e-15 
1 4 -0.000522466 0.0 
2 1  0.000910124 -9.1756e-15 
2 2  0.000951733 1.05078e-12 
2 4  -0.000935887 -7.63078e-13 
2 6  0.0  -2.70132e-13 
3 3  0.000143393 2.0044e-13 
3 4  3.22559e-05 -4.47072e-15 
3 6 -0.000231581 0.0 
3 7  0.000194607 -4.81248e-15 
3 8  0.0  -1.1804e-15 
4 4 1.0 0.0 
5 4  0.0  -7.37552e-15 
5 5  0.0  1.74742e-13 
5 6  0.0  -1.62512e-13 
5 8  0.0  -4.85408e-15 
5 10 -1 0.0 
6 2  0.000122281 -2.70132e-13 
6 3 -4.71787e-06 0.0 
6 4  -0.00113278 -2.46338e-14 
6 5  -0.000194319 -1.62512e-13 
6 6  0.00140891 6.1979e-13 
6 7  -0.000194607 -1.62512e-13 
6 8 -4.77259e-06 0.0 
7 3  0.0  -4.81248e-15 
7 4  0.0  -7.3792e-15 
7 6  0.0  -1.62512e-13 
7 7  0.0  1.74704e-13 
7 11 -1 0.0 
8 3  0.00013806 -1.1804e-15 
8 4  3.2209e-05 -4.48672e-15 
8 5  0.000194319 -4.85408e-15 
8 6 -0.0002313 0.0 
8 8  5.41427e-06 1.20726e-14 
9 5 -1 0.0 
9 7 1.0 0.0 
9 9 -1 0.0 
10 5 1.0 0.0 
11 7 1.0 0.0 

