1 1  19.4595 1.43391e-14 
1 2  0.000464141 -2.9702e-15 
1 3 -0.000542882 0.0 
1 4  0.000152585 -7.5288e-15 
1 5  0.000464074 -2.9702e-15 
1 6 -0.000542801 0.0 
1 68 -19.4595 0.0 
2 1  0.0  -2.9702e-15 
2 2  3.66672 2.44291e-13 
2 3  0.0  -2.3594e-13 
2 4  0.0  -5.3806e-15 
2 72 -1.425 0.0 
2 329 -2.06075 0.0 
2 341 -0.091255 0.0 
2 343 -0.0897199 0.0 
3 1 -2.44188e-06 0.0 
3 2  -0.000464141 -2.3594e-13 
3 3  40.8898 2.42089e-13 
3 4  -7.62991e-05 -5.0073e-15 
3 85 -4.25853 0.0 
3 308 -36.6307 0.0 
4 1  0.0  -7.5288e-15 
4 2  0.0  -5.3806e-15 
4 3  0.0  -5.0073e-15 
4 4  18.493 7.01404e-14 
4 5  0.0  -5.3816e-15 
4 6  0.0  -1.00144e-14 
4 7  0.0  -8.393e-15 
4 8  0.0  -5.2184e-15 
4 9  0.0  -5.2152e-15 
4 10  0.0  -4.6568e-15 
4 11  0.0  -1.55548e-15 
4 12  0.0  -1.62576e-15 
4 13  0.0  -1.62588e-15 
4 14  0.0  -1.6262e-15 
4 15  0.0  -9.3322e-16 
4 84 -10.2603 0.0 
4 311 -8.23276 0.0 
4 434  0.0  -9.3326e-16 
4 435  0.0  -9.3326e-16 
4 441  0.0  -1.62612e-15 
4 442  0.0  -9.3322e-16 
4 443  0.0  -1.55188e-15 
5 1  0.0  -2.9702e-15 
5 4  0.0  -5.3816e-15 
5 5  8.4877 2.44292e-13 
5 6  0.0  -2.3594e-13 
5 70 -0.359811 0.0 
5 71 -1.425 0.0 
5 327 -0.36442 0.0 
5 331 -2.06075 0.0 
5 335 -2.21698 0.0 
5 336 -2.06075 0.0 
6 1 -2.44141e-06 0.0 
6 4  -0.000151234 -1.00144e-14 
6 5  -0.000464074 -2.3594e-13 
6 6  5.38266 4.82854e-13 
6 7 -7.93651e-06 0.0 
6 8  -0.000454861 -2.3584e-13 
6 315 -5.38158 0.0 
6 334  0.0  -7.72638e-18 
6 335  0.0  -7.72638e-18 
6 346  0.0  -5.55383e-17 
6 347  0.0  -7.45152e-17 
7 4  0.000149931 -8.393e-15 
7 6 -0.000537746 0.0 
7 7  19.4595 1.85086e-14 
7 8  0.000454861 -4.5916e-15 
7 9  0.00045504 -4.5913e-15 
7 10 -0.000537962 0.0 
7 338  0.0  -3.54253e-17 
7 342  0.0  -2.18937e-17 
7 385 -19.4595 0.0 
8 4  0.0  -5.2184e-15 
8 6  0.0  -2.3584e-13 
8 7  0.0  -4.5916e-15 
8 8  6.86629 2.46307e-13 
8 75 -1.41522 0.0 
8 332 -2.06075 0.0 
8 333 -2.06075 0.0 
8 334 -0.589637 0.0 
8 344 -0.375526 0.0 
8 345 -0.36442 0.0 
8 385  0.0  -3.36283e-16 
8 387  0.0  -3.20749e-16 
9 4  0.0  -5.2152e-15 
9 7  0.0  -4.5913e-15 
9 9  3.6619 2.46304e-13 
9 10  0.0  -2.3584e-13 
9 74 -1.41522 0.0 
9 330 -2.06075 0.0 
9 338 -0.0946844 0.0 
9 340 -0.091255 0.0 
9 385  0.0  -3.36283e-16 
9 387  0.0  -3.20749e-16 
10 4  -7.49821e-05 -4.6568e-15 
10 7 -7.93966e-06 0.0 
10 9  -0.00045504 -2.3584e-13 
10 10  7.51415 2.41683e-13 
10 301 -4.2038 0.0 
10 316 -3.30981 0.0 
10 338  0.0  -2.07905e-17 
11 4  2.2553e-05 -1.55548e-15 
11 11  58.3932 2.76244e-15 
11 12  6.8998e-05 -5.9206e-16 
11 120 -1.41243 0.0 
11 121 -1.49209 0.0 
11 122 -1.20133 0.0 
11 279 -54.2873 0.0 
11 434 -8.05995e-05 0.0 
11 441  6.8983e-05 -5.9206e-16 
11 442 -8.05814e-05 0.0 
12 4  0.0  -1.62576e-15 
12 11  0.0  -5.9206e-16 
12 12  6.15226 4.8171e-14 
12 117 -3.24686 0.0 
12 130 -0.0741213 0.0 
12 132 -0.0712078 0.0 
12 277 -2.76007 0.0 
12 434  0.0  -4.54936e-14 
12 435  0.0  -1.38988e-17 
13 4  0.0  -1.62588e-15 
13 13  4.10707 4.82358e-14 
13 126 -0.0605906 0.0 
13 128 -0.0745918 0.0 
13 190  0.0  -4.4729e-17 
13 192  0.0  -4.61594e-17 
13 285 -2.42779 0.0 
13 292 -1.5441 0.0 
13 310  0.0  -8.03731e-18 
13 435  0.0  -4.54941e-14 
13 443  0.0  -5.904e-16 
14 4  0.0  -1.6262e-15 
14 14  4.10707 4.82321e-14 
14 15  0.0  -4.54901e-14 
14 127 -0.0745918 0.0 
14 190  0.0  -4.4729e-17 
14 192  0.0  -4.61594e-17 
14 269 -0.0605906 0.0 
14 291 -1.5441 0.0 
14 293 -2.42779 0.0 
14 312  0.0  -8.03731e-18 
14 443  0.0  -5.904e-16 
15 4  -1.1278e-05 -9.3322e-16 
15 14  -6.9e-05 -4.54901e-14 
15 15  30.9302 4.65807e-14 
15 286  0.0  -3.42235e-17 
15 312 -29.9963 0.0 
15 441  0.0  -1.38988e-17 
15 442 -0.933811 0.0 
15 443 -3.20945e-07 0.0 
16 16  1073.44 1.06644e-14 
16 27 -1053.98 0.0 
16 30 -19.4595 0.0 
16 429  0.000228449 -2.7809e-15 
16 430  0.000228446 -2.7809e-15 
16 444  -0.000467843 -5.0912e-15 
17 17  8.89309 1.42548e-13 
17 48 -1.41522 0.0 
17 218  0.0  -2.65793e-16 
17 219  0.0  -2.5271e-16 
17 366 -1.206 0.0 
17 371 -1.49431 0.0 
17 390 -2.06075 0.0 
17 392 -2.06075 0.0 
17 404 -0.656073 0.0 
17 423  0.0  -6.7537e-14 
17 444  0.0  -7.44929e-14 
18 18  9.40212 1.42681e-13 
18 46 -1.41522 0.0 
18 215  0.0  -3.37347e-16 
18 216  0.0  -3.15304e-16 
18 367 -1.206 0.0 
18 370 -2.00333 0.0 
18 386 -2.06075 0.0 
18 388 -2.06075 0.0 
18 398 -0.656073 0.0 
18 431  0.0  -6.7531e-14 
18 444  0.0  -7.44978e-14 
19 19  6.13204 1.42705e-13 
19 33 -1.57056 0.0 
19 47 -1.41522 0.0 
19 215  0.0  -3.49682e-16 
19 216  0.0  -3.26323e-16 
19 369 -0.211334 0.0 
19 384 -2.06075 0.0 
19 405 -0.6628 0.0 
19 407 -0.211382 0.0 
19 431  0.0  -6.7531e-14 
19 444  0.0  -7.44977e-14 
20 20  320.557 1.01107e-14 
20 21  9.72724e-05 -2.4064e-15 
20 22 -0.000115754 0.0 
20 23  9.7264e-05 -2.4064e-15 
20 24 -0.000115743 0.0 
20 260  0.0  -2.47034e-17 
20 268  0.0  -3.28161e-17 
20 282 -304.92 0.0 
20 284 -15.6371 0.0 
20 444  3.22438e-05 -4.47088e-15 
21 20  0.0  -2.4064e-15 
21 21  5.30742 8.80699e-14 
21 22  0.0  -8.1248e-14 
21 134 -0.851049 0.0 
21 207  0.0  -1.89061e-16 
21 211  0.0  -1.91196e-16 
21 262 -0.0769556 0.0 
21 264 -1.5441 0.0 
21 265 -2.6716 0.0 
21 266 -0.163723 0.0 
21 286  0.0  -1.71761e-16 
21 288  0.0  -1.73059e-16 
21 444  0.0  -3.6904e-15 
22 20 -2.35821e-06 0.0 
22 21  -9.72724e-05 -8.1248e-14 
22 22  1808.07 8.46591e-14 
22 196 -1792.43 0.0 
22 207 -15.6371 0.0 
22 266  0.0  -2.98094e-19 
22 444  -1.61229e-05 -2.73688e-15 
23 20  0.0  -2.4064e-15 
23 23  2.50906 8.81591e-14 
23 24  0.0  -8.12483e-14 
23 133 -0.27829 0.0 
23 201  0.0  -1.89412e-16 
23 203  0.0  -1.72519e-18 
23 205  0.0  -1.91196e-16 
23 261 -1.5441 0.0 
23 263 -0.609715 0.0 
23 267 -0.0769556 0.0 
23 286  0.0  -1.71761e-16 
23 288  0.0  -1.73059e-16 
23 444  0.0  -3.69064e-15 
24 20 -2.35793e-06 0.0 
24 23  -9.7264e-05 -8.12483e-14 
24 24  1482.9 8.46591e-14 
24 198 -1467.26 0.0 
24 201 -15.6371 0.0 
24 444  -1.61209e-05 -2.7368e-15 
25 25  1.29587 1.21459e-16 
25 367 -0.908133 0.0 
25 411 -0.38774 0.0 
26 26  0.474073 3.35488e-17 
26 364 -0.12886 0.0 
26 365 -0.222336 0.0 
26 382 -0.122877 0.0 
27 16 -1053.98 0.0 
27 27  1055.19 1.88681e-16 
27 28 -0.122877 0.0 
27 380 -1.08108 0.0 
28 27 -0.122877 0.0 
28 28  0.488081 3.35488e-17 
28 362 -0.123016 0.0 
28 363 -0.242188 0.0 
29 29  21.58 1.00073e-17 
29 391 -2.12052 0.0 
29 428 -19.4595 0.0 
30 16 -19.4595 0.0 
30 30  21.58 1.00073e-17 
30 380 -2.12052 0.0 
31 31  2.42774 3.28151e-17 
31 57 -0.183498 0.0 
31 408 -0.183498 0.0 
31 424 -2.06075 0.0 
32 32  0.828645 6.85414e-17 
32 55 -0.119504 0.0 
32 410 -0.119504 0.0 
32 424 -0.589637 0.0 
33 19 -1.57056 0.0 
33 33  1.91879 3.98406e-17 
33 369 -0.174116 0.0 
33 403 -0.174116 0.0 
34 34  0.910657 5.14592e-17 
34 352 -0.127292 0.0 
34 353 -0.127292 0.0 
34 422 -0.656073 0.0 
35 35  0.294154 1.41345e-17 
35 351 -0.110656 0.0 
35 381 -0.183498 0.0 
36 36  1.83864 3.86624e-17 
36 350 -0.172164 0.0 
36 420 -0.172164 0.0 
36 421 -1.49431 0.0 
37 37  0.910657 5.14592e-17 
37 348 -0.127292 0.0 
37 349 -0.127292 0.0 
37 421 -0.656073 0.0 
38 38  1.83864 4.0498e-17 
38 39 -0.172164 0.0 
38 62 -0.172164 0.0 
38 429 -1.49431 0.0 
39 38 -0.172164 0.0 
39 39  0.420007 1.09854e-16 
39 363 -0.247843 0.0 
40 40  0.910657 5.14592e-17 
40 63 -0.127292 0.0 
40 64 -0.127292 0.0 
40 429 -0.656073 0.0 
41 41  0.294154 1.41345e-17 
41 65 -0.110656 0.0 
41 378 -0.183498 0.0 
42 42  0.315468 9.73754e-17 
42 377 -0.183498 0.0 
42 430 -0.13197 0.0 
43 43 31.7531 0.0 
43 383 -27.4922 0.0 
43 389 -4.26089 0.0 
44 44 112.724 0.0 
44 383 -105.787 0.0 
44 391 -6.93693 0.0 
45 45 27.7725 0.0 
45 380 -6.93693 0.0 
45 393 -20.8356 0.0 
46 18 -1.41522 0.0 
46 46 1.98824 0.0 
46 47 -0.0815787 0.0 
46 359 -0.491446 0.0 
47 19 -1.41522 0.0 
47 46 -0.0815787 0.0 
47 47 1.74464 0.0 
47 403 -0.247843 0.0 
48 17 -1.41522 0.0 
48 48 1.74464 0.0 
48 49 -0.0815787 0.0 
48 402 -0.247843 0.0 
49 48 -0.0815787 0.0 
49 49 1.98824 0.0 
49 56 -0.491446 0.0 
49 424 -1.41522 0.0 
50 50 1.74464 0.0 
50 51 -0.0815787 0.0 
50 420 -0.247843 0.0 
50 421 -1.41522 0.0 
51 50 -0.0815787 0.0 
51 51 1.98824 0.0 
51 62 -0.491446 0.0 
51 429 -1.41522 0.0 
52 52 0.310789 0.0 
52 392 -0.183498 0.0 
52 404 -0.127292 0.0 
53 53 0.310789 0.0 
53 390 -0.183498 0.0 
53 404 -0.127292 0.0 
54 54 0.294154 0.0 
54 394 -0.183498 0.0 
54 406 -0.110656 0.0 
55 32 -0.119504 0.0 
55 55 0.291668 0.0 
55 372 -0.172164 0.0 
56 49 -0.491446 0.0 
56 56 0.663611 0.0 
56 372 -0.172164 0.0 
57 31 -0.183498 0.0 
57 57 0.310789 0.0 
57 373 -0.127292 0.0 
58 58 0.310789 0.0 
58 373 -0.127292 0.0 
58 394 -0.183498 0.0 
59 59 0.200645 0.0 
59 397 -0.183498 0.0 
59 408 -0.0171477 0.0 
60 60 0.202831 0.0 
60 396 -0.185683 0.0 
60 410 -0.0171477 0.0 
61 61 0.294154 0.0 
61 401 -0.183498 0.0 
61 412 -0.110656 0.0 
62 38 -0.172164 0.0 
62 51 -0.491446 0.0 
62 62 0.663611 0.0 
63 40 -0.127292 0.0 
63 63 0.310789 0.0 
63 378 -0.183498 0.0 
64 40 -0.127292 0.0 
64 64 0.310789 0.0 
64 401 -0.183498 0.0 
65 41 -0.110656 0.0 
65 65 0.294154 0.0 
65 377 -0.183498 0.0 
66 66  44.9397 2.0345e-16 
66 308  0.0  -1.55699e-16 
66 326 -5.40541 0.0 
66 414 -39.5343 0.0 
67 67  0.933868 3.35488e-17 
67 69 -0.122877 0.0 
67 71 -0.638655 0.0 
67 72 -0.172336 0.0 
68 1 -19.4595 0.0 
68 68  21.4983 8.5535e-18 
68 325 -2.03881 0.0 
69 67 -0.122877 0.0 
69 69  1.20396 2.68753e-17 
69 317  0.0  -1.52248e-17 
69 325 -1.08108 0.0 
70 5 -0.359811 0.0 
70 70  0.510046 1.99385e-16 
70 318 -0.0751179 0.0 
70 337 -0.0751179 0.0 
71 5 -1.425 0.0 
71 67 -0.638655 0.0 
71 71 2.54632 0.0 
71 337 -0.48266 0.0 
72 2 -1.425 0.0 
72 67 -0.172336 0.0 
72 72 2.08 0.0 
72 343 -0.48266 0.0 
73 73 107.68 0.0 
73 325 -86.844 0.0 
73 328 -20.8356 0.0 
74 9 -1.41522 0.0 
74 74 1.74464 0.0 
74 75 -0.0815787 0.0 
74 338 -0.247843 0.0 
75 8 -1.41522 0.0 
75 74 -0.0815787 0.0 
75 75 1.98824 0.0 
75 78 -0.491446 0.0 
76 76 0.294154 0.0 
76 332 -0.183498 0.0 
76 342 -0.110656 0.0 
77 77 0.199288 0.0 
77 334 -0.119504 0.0 
77 344 -0.0797843 0.0 
78 75 -0.491446 0.0 
78 78 0.571231 0.0 
78 344 -0.0797843 0.0 
79 79 0.294154 0.0 
79 329 -0.183498 0.0 
79 339 -0.110656 0.0 
80 80  112.246 2.13262e-17 
80 90 -45.7254 0.0 
80 296 -45.7254 0.0 
80 425 -20.7956 0.0 
81 81  62.8417 6.8743e-16 
81 294 -24.2838 0.0 
81 432 -38.5579 0.0 
82 82  2.03222 7.08047e-17 
82 83 -0.368632 0.0 
82 439 -1.66359 0.0 
83 82 -0.368632 0.0 
83 83  16.6402 1.00646e-16 
83 98 -9.11768 0.0 
83 99 -7.15384 0.0 
84 4 -10.2603 0.0 
84 84  144.206 7.02314e-17 
84 105 -58.3301 0.0 
84 106 -17.2856 0.0 
84 317 -58.3301 0.0 
85 3 -4.25853 0.0 
85 85  37.5919 1.43631e-16 
85 107 -33.3333 0.0 
85 341  0.0  -2.40865e-17 
86 86  22.2359 3.10412e-17 
86 298 -7.32107 0.0 
86 313 -14.9148 0.0 
87 87  1.57778 1.12014e-16 
87 88 -0.368632 0.0 
87 426 -1.20914 0.0 
88 87 -0.368632 0.0 
88 88  16.3581 1.86131e-16 
88 89 -9.05067 0.0 
88 296 -6.93881 0.0 
89 88 -9.05067 0.0 
89 89  40.8861 9.26607e-17 
89 95 -31.8355 0.0 
90 80 -45.7254 0.0 
90 90  57.5361 7.9616e-17 
90 295 -11.8108 0.0 
91 91  1.57778 1.12014e-16 
91 92 -0.368632 0.0 
91 433 -1.20914 0.0 
92 91 -0.368632 0.0 
92 92  16.3622 1.862e-16 
92 294 -6.93303 0.0 
92 310 -9.06052 0.0 
93 93  15.6734 3.09559e-17 
93 307 -14.9148 0.0 
93 311 -0.758558 0.0 
94 94  36.6992 7.13742e-16 
94 105 -2.91223 0.0 
94 299 -33.787 0.0 
95 89 -31.8355 0.0 
95 95 93.6673 0.0 
95 298 -31.8355 0.0 
95 427 -29.9963 0.0 
96 96 59.6916 0.0 
96 97 -21.6418 0.0 
96 310 -32.0088 0.0 
96 435 -6.04102 0.0 
97 96 -21.6418 0.0 
97 97 53.7214 0.0 
97 297 -32.0797 0.0 
98 83 -9.11768 0.0 
98 98 85.6432 0.0 
98 306 -14.214 0.0 
98 440 -62.3115 0.0 
99 83 -7.15384 0.0 
99 99 161.567 0.0 
99 305 -92.1014 0.0 
99 437 -62.3115 0.0 
100 100 20.473 0.0 
100 101 -14.4785 0.0 
100 434 -5.99452 0.0 
101 100 -14.4785 0.0 
101 101 20.576 0.0 
101 434 -6.09756 0.0 
102 102 72.9913 0.0 
102 104 -23.8109 0.0 
102 300 -34.0441 0.0 
103 103 45.5759 0.0 
103 305 -12.4988 0.0 
103 314 -33.0771 0.0 
104 102 -23.8109 0.0 
104 104 43.7774 0.0 
104 302 -19.9665 0.0 
105 84 -58.3301 0.0 
105 94 -2.91223 0.0 
105 105 61.2424 0.0 
106 84 -17.2856 0.0 
106 106 23.28 0.0 
106 315 -5.99441 0.0 
107 85 -33.3333 0.0 
107 107 33.6081 0.0 
107 108 -0.274727 0.0 
108 107 -0.274727 0.0 
108 108 33.6081 0.0 
108 316 -33.3333 0.0 
109 109 30.482 0.0 
109 308 -27.5126 0.0 
109 317 -2.9694 0.0 
110 110  0.828562 1.83611e-17 
110 259  0.0  -1.66847e-17 
110 260  0.0  -8.1586e-19 
110 282 -0.03861 0.0 
110 284 -0.789952 0.0 
111 111  29.6166 9.98e-18 
111 113 -1.08108 0.0 
111 281 -28.5355 0.0 
112 112  53.8757 2.33876e-17 
112 119 -46.5658 0.0 
112 286 -7.30994 0.0 
113 111 -1.08108 0.0 
113 113  2.16216 5.40324e-18 
113 114 -1.08108 0.0 
114 113 -1.08108 0.0 
114 114  2.03059 5.0813e-18 
114 118 -0.949505 0.0 
115 115  1666.91 6.70976e-17 
115 289 -0.245755 0.0 
115 290 -1666.67 0.0 
116 116  1.04575 1.7707e-17 
116 273 -0.0849993 0.0 
116 274 -0.714996 0.0 
116 283 -0.245755 0.0 
117 12 -3.24686 0.0 
117 117  3.63708 1.52604e-17 
117 132 -0.195109 0.0 
117 271 -0.195109 0.0 
118 114 -0.949505 0.0 
118 118 47.5153 0.0 
118 286 -46.5658 0.0 
119 112 -46.5658 0.0 
119 119 47.372 0.0 
119 288 -0.806244 0.0 
120 11 -1.41243 0.0 
120 120 1668.08 0.0 
120 283 -1666.67 0.0 
121 11 -1.49209 0.0 
121 121 50.0824 0.0 
121 122 -28.7356 0.0 
121 124 -10.4167 0.0 
121 279 -9.43806 0.0 
122 11 -1.20133 0.0 
122 121 -28.7356 0.0 
122 122 29.937 0.0 
123 123 10.7879 0.0 
123 281 -4.7743 0.0 
123 283 -3.06373 0.0 
123 290 -2.94985 0.0 
124 121 -10.4167 0.0 
124 124 19.8547 0.0 
124 279 -9.43806 0.0 
125 125 0.869166 0.0 
125 289 -0.680948 0.0 
125 293 -0.188218 0.0 
126 13 -0.0605906 0.0 
126 126 0.234049 0.0 
126 292 -0.173458 0.0 
127 14 -0.0745918 0.0 
127 127 0.262809 0.0 
127 293 -0.188218 0.0 
128 13 -0.0745918 0.0 
128 128 0.262809 0.0 
128 285 -0.188218 0.0 
129 129 0.265597 0.0 
129 278 -0.191476 0.0 
129 441 -0.0741213 0.0 
130 12 -0.0741213 0.0 
130 130 0.265597 0.0 
130 277 -0.191476 0.0 
131 131 0.266316 0.0 
131 276 -0.195109 0.0 
131 441 -0.0712078 0.0 
132 12 -0.0712078 0.0 
132 117 -0.195109 0.0 
132 132 0.266316 0.0 
133 23 -0.27829 0.0 
133 133  0.685987 3.35488e-17 
133 135 -0.122877 0.0 
133 256 -0.284819 0.0 
134 21 -0.851049 0.0 
134 134  1.26243 7.27379e-17 
134 137 -0.122877 0.0 
134 255 -0.144254 0.0 
134 266 -0.144254 0.0 
135 133 -0.122877 0.0 
135 135  1.20396 2.74498e-20 
135 136 -1.08108 0.0 
136 135 -1.08108 0.0 
136 136  84.4234 9.98e-18 
136 258 -41.6712 0.0 
136 259 -41.6712 0.0 
137 134 -0.122877 0.0 
137 137  1.20396 5.99899e-18 
137 138 -1.08108 0.0 
138 137 -1.08108 0.0 
138 138  6.56901 3.2053e-17 
138 258 -5.48793 0.0 
139 139 30.9883 0.0 
139 257 -20.8356 0.0 
139 259 -10.1527 0.0 
140 140  0.477218 2.4947e-16 
140 185  0.0  -3.46612e-18 
140 187  0.0  -9.5735e-18 
140 200  0.0  -9.75926e-18 
140 237 -0.0685068 0.0 
140 252 -0.0685068 0.0 
140 418 -0.340204 0.0 
140 419  0.0  -8.63069e-18 
141 141  1.28288 7.43168e-17 
141 239 -0.122877 0.0 
141 243 -0.145496 0.0 
141 244 -0.145496 0.0 
141 416 -0.869006 0.0 
142 142 0.301338 0.0 
142 248 -0.190682 0.0 
142 251 -0.110656 0.0 
143 143  134.061 4.21384e-16 
143 145 -22.1241 0.0 
143 146 -57.5285 0.0 
143 148 -49.048 0.0 
143 444 -5.36084 0.0 
144 144  92.9279 5.48939e-16 
144 164 -35.5327 0.0 
144 165 -25 0.0 
144 220 -32.3952 0.0 
145 143 -22.1241 0.0 
145 145  30.8348 3.79381e-17 
145 166 -4.35534 0.0 
145 167 -4.35534 0.0 
146 143 -57.5285 0.0 
146 146  66.4918 7.44638e-17 
146 147 -8.9633 0.0 
147 146 -8.9633 0.0 
147 147  18.5041 2.70436e-17 
147 166 -9.5408 0.0 
148 143 -49.048 0.0 
148 148  57.2101 7.16709e-17 
148 149 -8.16213 0.0 
149 148 -8.16213 0.0 
149 149  18.4515 2.37505e-17 
149 167 -10.2894 0.0 
150 150  85.3916 1.03758e-16 
150 151 -11.7805 0.0 
150 229 -6.94444 0.0 
150 444 -66.6667 0.0 
151 150 -11.7805 0.0 
151 151  91.8413 9.10023e-17 
151 152 -13.3942 0.0 
151 444 -66.6667 0.0 
152 151 -13.3942 0.0 
152 152  87.4292 1.65909e-16 
152 153 -7.36833 0.0 
152 444 -66.6667 0.0 
153 152 -7.36833 0.0 
153 153  81.3978 1.65784e-16 
153 154 -7.36279 0.0 
153 444 -66.6667 0.0 
154 153 -7.36279 0.0 
154 154  80.964 1.76288e-16 
154 155 -6.93457 0.0 
154 444 -66.6667 0.0 
155 154 -6.93457 0.0 
155 155  79.0333 2.24808e-16 
155 156 -5.4321 0.0 
155 444 -66.6667 0.0 
156 155 -5.4321 0.0 
156 156  86.5416 8.46603e-17 
156 157 -14.4428 0.0 
156 444 -66.6667 0.0 
157 156 -14.4428 0.0 
157 157  192.221 1.07545e-17 
157 221 -111.111 0.0 
157 444 -66.6667 0.0 
158 158 18182.6 0.0 
158 228 -284.81 0.0 
158 236 -17897.8 0.0 
159 159 18154.8 0.0 
159 162 -17897.8 0.0 
159 222 -257.051 0.0 
160 160 23872.9 0.0 
160 161 -257.051 0.0 
160 444 -23615.8 0.0 
161 160 -257.051 0.0 
161 161 18154.8 0.0 
161 163 -17897.8 0.0 
162 159 -17897.8 0.0 
162 162 18182.6 0.0 
162 163 -284.81 0.0 
163 161 -17897.8 0.0 
163 162 -284.81 0.0 
163 163 18182.6 0.0 
164 144 -35.5327 0.0 
164 164 67.9279 0.0 
164 221 -32.3952 0.0 
165 144 -25 0.0 
165 165 89.7903 0.0 
165 444 -64.7903 0.0 
166 145 -4.35534 0.0 
166 147 -9.5408 0.0 
166 166 13.8961 0.0 
167 145 -4.35534 0.0 
167 149 -10.2894 0.0 
167 167 14.6447 0.0 
168 168  15.1043 4.99e-18 
168 175 -0.03861 0.0 
168 208 -15.0657 0.0 
169 169  160.772 1.6457e-17 
169 173 -27.4922 0.0 
169 176 -27.4922 0.0 
169 200 -105.787 0.0 
170 170  160.772 1.6457e-17 
170 174 -27.4922 0.0 
170 199 -27.4922 0.0 
170 205 -105.787 0.0 
171 171  160.772 1.6457e-17 
171 197 -27.4922 0.0 
171 211 -105.787 0.0 
171 213 -27.4922 0.0 
172 172  22.7703 1.57659e-16 
172 176 -1.93469 0.0 
172 206 -20.8356 0.0 
173 169 -27.4922 0.0 
173 173  33.0841 5.44552e-17 
173 199 -5.59187 0.0 
174 170 -27.4922 0.0 
174 174  29.4269 1.57659e-16 
174 197 -1.93469 0.0 
175 168 -0.03861 0.0 
175 175 1613.63 0.0 
175 415 -1613.59 0.0 
176 169 -27.4922 0.0 
176 172 -1.93469 0.0 
176 176 29.4269 0.0 
177 177 1792.47 0.0 
177 212 -0.03861 0.0 
177 417 -1792.43 0.0 
178 178 23.1909 0.0 
178 217 -2.35527 0.0 
178 219 -20.8356 0.0 
179 179  0.828562 1.9754e-17 
179 185 -0.789952 0.0 
179 191 -0.03861 0.0 
179 240  0.0  -1.81458e-17 
179 251  0.0  -8.05575e-19 
180 180  160.772 3.03845e-17 
180 181 -105.787 0.0 
180 183 -27.4922 0.0 
180 188 -27.4922 0.0 
180 236  0.0  -5.71482e-19 
180 444  0.0  -2.9813e-17 
181 180 -105.787 0.0 
181 181  106.532 4.76054e-16 
181 186 -0.744901 0.0 
182 182  25.1525 4.3392e-17 
182 183 -4.31689 0.0 
182 184 -20.8356 0.0 
182 444  0.0  -2.3516e-17 
183 180 -27.4922 0.0 
183 182 -4.31689 0.0 
183 183  31.8091 1.86446e-16 
183 444  0.0  -6.59566e-17 
183 445  0.0  -8.15595e-17 
184 182 -20.8356 0.0 
184 184 21.7307 0.0 
184 187 -0.895095 0.0 
185 140  0.0  -3.46612e-18 
185 179 -0.789952 0.0 
185 185  32.1027 5.67469e-18 
185 187 -15.6757 0.0 
185 247  0.0  -8.2559e-20 
185 248  0.0  -8.2559e-20 
185 250  0.0  -2.04345e-18 
185 419 -15.6371 0.0 
186 181 -0.744901 0.0 
186 186 21.5805 0.0 
186 192 -20.8356 0.0 
187 140  0.0  -9.5735e-18 
187 184 -0.895095 0.0 
187 185 -15.6757 0.0 
187 187  16.5708 1.0487e-15 
187 240  0.0  -9.43259e-17 
187 245  0.0  -2.5148e-18 
187 247  0.0  -6.44156e-18 
187 248  0.0  -6.35515e-18 
187 249  0.0  -1.88976e-18 
187 250  0.0  -3.21024e-18 
187 251  0.0  -3.79259e-18 
187 416  0.0  -3.46859e-16 
187 418  0.0  -3.42706e-16 
187 444  0.0  -1.01335e-17 
187 445  0.0  -1.02475e-16 
188 180 -27.4922 0.0 
188 188 30.6984 0.0 
188 446 -3.20611 0.0 
189 189  7.56756 1.31346e-17 
189 190 -3.78378 0.0 
189 287  0.0  -2.29249e-18 
189 289  0.0  -2.2527e-18 
189 290  0.0  -5.27295e-18 
189 291  0.0  -4.04048e-19 
189 292  0.0  -4.04048e-19 
189 443 -3.78378 0.0 
190 13  0.0  -4.4729e-17 
190 14  0.0  -4.4729e-17 
190 189 -3.78378 0.0 
190 190  5.73552 1.11951e-16 
190 192 -1.95175 0.0 
190 285  0.0  -1.27133e-19 
190 289  0.0  -2.07118e-18 
190 290  0.0  -8.48828e-18 
190 293  0.0  -1.27133e-19 
191 179 -0.03861 0.0 
191 191  304.958 1.54221e-17 
191 240  0.0  -1.47428e-18 
191 251  0.0  -6.21516e-18 
191 419 -304.92 0.0 
192 13  0.0  -4.61594e-17 
192 14  0.0  -4.61594e-17 
192 186 -20.8356 0.0 
192 190 -1.95175 0.0 
192 192  22.7873 2.72079e-16 
192 287  0.0  -6.8694e-18 
192 291  0.0  -1.60327e-18 
192 292  0.0  -1.60327e-18 
192 309  0.0  -4.8835e-17 
193 193 114.479 0.0 
193 194 -13.9174 0.0 
193 216 -86.6439 0.0 
193 217 -13.9174 0.0 
194 193 -13.9174 0.0 
194 194 19.854 0.0 
194 214 -5.93655 0.0 
195 195 29.8998 0.0 
195 202 -27.4922 0.0 
195 213 -2.40761 0.0 
196 22 -1792.43 0.0 
196 196 1792.47 0.0 
196 209 -0.03861 0.0 
197 171 -27.4922 0.0 
197 174 -1.93469 0.0 
197 197 29.4269 0.0 
198 24 -1467.26 0.0 
198 198 1467.3 0.0 
198 203 -0.03861 0.0 
199 170 -27.4922 0.0 
199 173 -5.59187 0.0 
199 199 33.0841 0.0 
200 140  0.0  -9.75926e-18 
200 169 -105.787 0.0 
200 200  106.529 4.6436e-16 
200 210 -0.742071 0.0 
200 252  0.0  -8.38462e-18 
200 418  0.0  -1.91196e-16 
201 23  0.0  -1.89412e-16 
201 24 -15.6371 0.0 
201 201  17.4666 3.20156e-16 
201 203 -1.0875 0.0 
201 205 -0.742071 0.0 
202 195 -27.4922 0.0 
202 202  54.9845 1.4618e-15 
202 214 -27.4922 0.0 
202 407  0.0  -7.34332e-18 
202 444  0.0  -1.42966e-15 
203 23  0.0  -1.72519e-18 
203 198 -0.03861 0.0 
203 201 -1.0875 0.0 
203 203  1.12611 1.82346e-17 
204 204  17.5256 3.03192e-16 
204 206 -0.742071 0.0 
204 208 -1.14648 0.0 
204 415 -15.6371 0.0 
204 416  0.0  -1.79244e-16 
205 23  0.0  -1.91196e-16 
205 170 -105.787 0.0 
205 201 -0.742071 0.0 
205 205  106.529 4.54601e-16 
205 267  0.0  -8.38462e-18 
206 172 -20.8356 0.0 
206 204 -0.742071 0.0 
206 206  21.5777 4.83641e-16 
206 249  0.0  -8.38462e-18 
206 416  0.0  -1.91244e-16 
207 21  0.0  -1.89061e-16 
207 22 -15.6371 0.0 
207 207  17.4666 3.20164e-16 
207 209 -1.0875 0.0 
207 211 -0.742071 0.0 
207 266  0.0  -3.59445e-19 
208 168 -15.0657 0.0 
208 204 -1.14648 0.0 
208 208  16.2121 4.94326e-17 
208 240  0.0  -3.1004e-17 
208 243  0.0  -4.54324e-19 
208 416  0.0  -9.48884e-18 
209 196 -0.03861 0.0 
209 207 -1.0875 0.0 
209 209  1.12611 1.92258e-17 
209 266  0.0  -2.32391e-18 
210 200 -0.742071 0.0 
210 210  17.4666 3.20164e-16 
210 212 -1.0875 0.0 
210 417 -15.6371 0.0 
210 418  0.0  -1.8942e-16 
211 21  0.0  -1.91196e-16 
211 171 -105.787 0.0 
211 207 -0.742071 0.0 
211 211  106.529 4.54601e-16 
211 262  0.0  -8.38462e-18 
212 177 -0.03861 0.0 
212 210 -1.0875 0.0 
212 212  1.12611 1.91031e-17 
212 418  0.0  -2.20116e-18 
213 171 -27.4922 0.0 
213 195 -2.40761 0.0 
213 213  29.8998 1.98359e-16 
213 444  0.0  -1.36436e-16 
214 194 -5.93655 0.0 
214 202 -27.4922 0.0 
214 214  33.4288 6.54826e-17 
214 405  0.0  -1.92866e-17 
214 407  0.0  -1.51183e-17 
214 444  0.0  -1.78495e-18 
215 18  0.0  -3.37347e-16 
215 19  0.0  -3.49682e-16 
215 215  21.6685 6.97715e-16 
215 216 -2.20904 0.0 
215 403  0.0  -6.19667e-18 
215 431 -19.4595 0.0 
216 18  0.0  -3.15304e-16 
216 19  0.0  -3.26323e-16 
216 193 -86.6439 0.0 
216 215 -2.20904 0.0 
216 216  88.8529 7.39151e-16 
216 384  0.0  -8.79721e-18 
216 386  0.0  -8.79721e-18 
216 398  0.0  -1.23604e-17 
216 405  0.0  -1.38986e-17 
216 409  0.0  -1.22664e-17 
217 178 -2.35527 0.0 
217 193 -13.9174 0.0 
217 217  16.2727 2.08843e-16 
217 388  0.0  -4.97077e-18 
217 390  0.0  -5.01249e-18 
217 392  0.0  -3.67837e-18 
217 398  0.0  -2.20205e-17 
217 404  0.0  -2.57486e-17 
217 444  0.0  -1.0345e-16 
218 17  0.0  -2.65793e-16 
218 218  20.301 2.83675e-16 
218 219 -0.841496 0.0 
218 402  0.0  -8.76828e-18 
218 423 -19.4595 0.0 
219 17  0.0  -2.5271e-16 
219 178 -20.8356 0.0 
219 218 -0.841496 0.0 
219 219  21.6771 3.20404e-16 
219 392  0.0  -1.57644e-17 
219 394  0.0  -3.24591e-18 
219 406  0.0  -1.88093e-17 
220 144 -32.3952 0.0 
220 220 50.8317 0.0 
220 413 -18.4366 0.0 
221 157 -111.111 0.0 
221 164 -32.3952 0.0 
221 221 143.506 0.0 
222 159 -257.051 0.0 
222 222 23872.9 0.0 
222 226 -23615.8 0.0 
223 223 91457.4 0.0 
223 226 -90871.1 0.0 
223 444 -586.318 0.0 
224 224 24055.9 0.0 
224 236 -440.098 0.0 
224 444 -23615.8 0.0 
225 225 18337.9 0.0 
225 227 -440.098 0.0 
225 228 -17897.8 0.0 
226 222 -23615.8 0.0 
226 223 -90871.1 0.0 
226 226 138103 0.0 
226 227 -23615.8 0.0 
227 225 -440.098 0.0 
227 226 -23615.8 0.0 
227 227 24055.9 0.0 
228 158 -284.81 0.0 
228 225 -17897.8 0.0 
228 228 18182.6 0.0 
229 150 -6.94444 0.0 
229 229  80.5605 1.75788e-16 
229 230 -6.94937 0.0 
229 444 -66.6667 0.0 
230 229 -6.94937 0.0 
230 230  80.245 1.75984e-16 
230 231 -6.62901 0.0 
230 444 -66.6667 0.0 
231 230 -6.62901 0.0 
231 231  78.7338 1.84166e-16 
231 232 -5.43815 0.0 
231 444 -66.6667 0.0 
232 231 -5.43815 0.0 
232 232  74.1799 2.24808e-16 
232 233 -2.07508 0.0 
232 444 -66.6667 0.0 
233 232 -2.07508 0.0 
233 233  71.0316 5.8896e-16 
233 234 -2.28988 0.0 
233 444 -66.6667 0.0 
234 233 -2.28988 0.0 
234 234  104.512 5.33937e-16 
234 235 -35.5556 0.0 
234 444 -66.6667 0.0 
235 234 -35.5556 0.0 
235 235  205.146 3.41393e-17 
235 444 -169.591 0.0 
236 158 -17897.8 0.0 
236 180  0.0  -5.71482e-19 
236 224 -440.098 0.0 
236 236  18337.9 0.0  
236 446  0.0  -4.30649e-18 
237 140 -0.0685068 0.0 
237 237 0.102017 0.0 
237 250 -0.0335107 0.0 
238 238  0.657612 3.35488e-17 
238 241 -0.347073 0.0 
238 246 -0.122877 0.0 
238 418 -0.187661 0.0 
239 141 -0.122877 0.0 
239 239  1.20396 2.74498e-20 
239 240 -1.08108 0.0 
240 179  0.0  -1.81458e-17 
240 187  0.0  -9.43259e-17 
240 191  0.0  -1.47428e-18 
240 208  0.0  -3.1004e-17 
240 239 -1.08108 0.0 
240 240  7.4472 6.23207e-16 
240 242 -4.3309 0.0 
240 376 -2.03522 0.0 
240 415  0.0  -2.63259e-18 
240 444  0.0  -7.8694e-17 
240 445  0.0  -1.75237e-16 
241 238 -0.347073 0.0 
241 241 0.537755 0.0 
241 248 -0.190682 0.0 
242 240 -4.3309 0.0 
242 242  5.41198 9.98e-18 
242 246 -1.08108 0.0 
243 141 -0.145496 0.0 
243 208  0.0  -4.54324e-19 
243 243  0.35672 4.04026e-17 
243 415  0.0  -4.89783e-19 
243 416 -0.211224 0.0 
244 141 -0.145496 0.0 
244 244 0.267498 0.0 
244 247 -0.122001 0.0 
245 187  0.0  -2.5148e-18 
245 245  1.89101 1.17938e-17 
245 249 -0.173458 0.0 
245 250 -0.173458 0.0 
245 416 -1.5441 0.0 
246 238 -0.122877 0.0 
246 242 -1.08108 0.0 
246 246 1.20396 0.0 
247 185  0.0  -8.2559e-20 
247 187  0.0  -6.44156e-18 
247 244 -0.122001 0.0 
247 247  0.853718 5.53703e-17 
247 251 -0.122001 0.0 
247 416 -0.609715 0.0 
248 142 -0.190682 0.0 
248 185  0.0  -8.2559e-20 
248 187  0.0  -6.35515e-18 
248 241 -0.190682 0.0 
248 248  3.05296 3.16991e-17 
248 418 -2.6716 0.0 
249 187  0.0  -1.88976e-18 
249 206  0.0  -8.38462e-18 
249 245 -0.173458 0.0 
249 249  0.250414 1.06757e-16 
249 416 -0.0769556 0.0 
250 185  0.0  -2.04345e-18 
250 187  0.0  -3.21024e-18 
250 237 -0.0335107 0.0 
250 245 -0.173458 0.0 
250 250  0.206969 4.2128e-17 
250 419  0.0  -2.45576e-17 
251 142 -0.110656 0.0 
251 179  0.0  -8.05575e-19 
251 187  0.0  -3.79259e-18 
251 191  0.0  -6.21516e-18 
251 247 -0.122001 0.0 
251 251  0.232657 6.37294e-17 
251 419  0.0  -2.47451e-17 
252 140 -0.0685068 0.0 
252 200  0.0  -8.38462e-18 
252 252  0.167175 6.11928e-17 
252 418 -0.098668 0.0 
253 253 0.301338 0.0 
253 260 -0.110656 0.0 
253 265 -0.190682 0.0 
254 254 0.198068 0.0 
254 264 -0.173458 0.0 
254 268 -0.0246094 0.0 
255 134 -0.144254 0.0 
255 255 0.334935 0.0 
255 265 -0.190682 0.0 
256 133 -0.284819 0.0 
256 256 0.40682 0.0 
256 263 -0.122001 0.0 
257 139 -20.8356 0.0 
257 257  21.6976 8.75993e-17 
257 286  0.0  -5.02308e-17 
257 445 -0.862024 0.0 
258 136 -41.6712 0.0 
258 138 -5.48793 0.0 
258 258 47.1591 0.0 
259 110  0.0  -1.66847e-17 
259 136 -41.6712 0.0 
259 139 -10.1527 0.0 
259 259  51.8239 1.97582e-16 
259 282  0.0  -1.44913e-18 
259 286  0.0  -1.00187e-16 
260 20  0.0  -2.47034e-17 
260 110  0.0  -8.1586e-19 
260 253 -0.110656 0.0 
260 260  0.232657 6.37476e-17 
260 263 -0.122001 0.0 
260 282  0.0  -6.19489e-18 
260 286  0.0  -3.89641e-18 
261 23 -1.5441 0.0 
261 261  1.89101 1.16984e-17 
261 267 -0.173458 0.0 
261 268 -0.173458 0.0 
261 288  0.0  -2.25691e-18 
262 21 -0.0769556 0.0 
262 211  0.0  -8.38462e-18 
262 262  0.250414 1.05112e-16 
262 264 -0.173458 0.0 
262 288  0.0  -2.4452e-19 
263 23 -0.609715 0.0 
263 256 -0.122001 0.0 
263 260 -0.122001 0.0 
263 263  0.853718 5.5811e-17 
263 284  0.0  -8.2559e-20 
263 286  0.0  -6.88224e-18 
264 21 -1.5441 0.0 
264 254 -0.173458 0.0 
264 262 -0.173458 0.0 
264 264  1.89101 1.16984e-17 
264 288  0.0  -2.25691e-18 
265 21 -2.6716 0.0 
265 253 -0.190682 0.0 
265 255 -0.190682 0.0 
265 265  3.05296 3.22262e-17 
265 284  0.0  -8.2559e-20 
265 286  0.0  -6.88224e-18 
266 21 -0.163723 0.0 
266 22  0.0  -2.98094e-19 
266 134 -0.144254 0.0 
266 207  0.0  -3.59445e-19 
266 209  0.0  -2.32391e-18 
266 266  0.307977 7.27426e-17 
267 23 -0.0769556 0.0 
267 205  0.0  -8.38462e-18 
267 261 -0.173458 0.0 
267 267  0.250414 1.05112e-16 
267 288  0.0  -2.4452e-19 
268 20  0.0  -3.28161e-17 
268 254 -0.0246094 0.0 
268 261 -0.173458 0.0 
268 268  0.198068 5.54182e-17 
268 284  0.0  -2.91166e-18 
268 288  0.0  -2.71219e-18 
269 14 -0.0605906 0.0 
269 269 0.234049 0.0 
269 291 -0.173458 0.0 
270 270 0.198068 0.0 
270 287 -0.0246094 0.0 
270 292 -0.173458 0.0 
271 117 -0.195109 0.0 
271 271 0.27606 0.0 
271 280 -0.0809513 0.0 
272 272 0.876057 0.0 
272 276 -0.195109 0.0 
272 280 -0.680948 0.0 
273 116 -0.0849993 0.0 
273 273 0.276475 0.0 
273 277 -0.191476 0.0 
274 116 -0.714996 0.0 
274 274 0.906471 0.0 
274 278 -0.191476 0.0 
275 275 0.269169 0.0 
275 285 -0.188218 0.0 
275 289 -0.0809513 0.0 
276 131 -0.195109 0.0 
276 272 -0.195109 0.0 
276 276  3.63708 1.80357e-17 
276 441 -3.24686 0.0 
277 12 -2.76007 0.0 
277 130 -0.191476 0.0 
277 273 -0.191476 0.0 
277 277  3.14303 1.67281e-17 
278 129 -0.191476 0.0 
278 274 -0.191476 0.0 
278 278  3.14303 1.88479e-17 
278 441 -2.76007 0.0 
279 11 -54.2873 0.0 
279 121 -9.43806 0.0 
279 124 -9.43806 0.0 
279 279  73.4092 6.8321e-17 
279 280 -0.245755 0.0 
280 271 -0.0809513 0.0 
280 272 -0.680948 0.0 
280 279 -0.245755 0.0 
280 280  1.00765 2.3372e-17 
281 111 -28.5355 0.0 
281 123 -4.7743 0.0 
281 281  33.3098 8.53091e-17 
282 20 -304.92 0.0 
282 110 -0.03861 0.0 
282 259  0.0  -1.44913e-18 
282 260  0.0  -6.19489e-18 
282 282  304.958 1.53766e-17 
283 116 -0.245755 0.0 
283 120 -1666.67 0.0 
283 123 -3.06373 0.0 
283 283  1669.98 6.70976e-17 
284 20 -15.6371 0.0 
284 110 -0.789952 0.0 
284 263  0.0  -8.2559e-20 
284 265  0.0  -8.2559e-20 
284 268  0.0  -2.91166e-18 
284 284  32.1027 3.07678e-18 
284 288 -15.6757 0.0 
285 13 -2.42779 0.0 
285 128 -0.188218 0.0 
285 190  0.0  -1.27133e-19 
285 275 -0.188218 0.0 
285 285  2.80423 1.78574e-17 
286 15  0.0  -3.42235e-17 
286 21  0.0  -1.71761e-16 
286 23  0.0  -1.71761e-16 
286 112 -7.30994 0.0 
286 118 -46.5658 0.0 
286 257  0.0  -5.02308e-17 
286 259  0.0  -1.00187e-16 
286 260  0.0  -3.89641e-18 
286 263  0.0  -6.88224e-18 
286 265  0.0  -6.88224e-18 
286 286  53.8757 1.24621e-15 
286 311  0.0  -2.18364e-17 
286 313  0.0  -2.14156e-17 
286 425  0.0  -3.42235e-17 
286 426  0.0  -3.05379e-17 
286 427  0.0  -2.88544e-17 
286 437  0.0  -7.17154e-19 
286 439  0.0  -3.04736e-17 
286 440  0.0  -7.17154e-19 
286 442  0.0  -7.17154e-19 
286 444  0.0  -4.8835e-17 
287 189  0.0  -2.29249e-18 
287 192  0.0  -6.8694e-18 
287 270 -0.0246094 0.0 
287 287  0.198068 6.47429e-17 
287 291 -0.173458 0.0 
287 443  0.0  -3.3238e-17 
288 21  0.0  -1.73059e-16 
288 23  0.0  -1.73059e-16 
288 119 -0.806244 0.0 
288 261  0.0  -2.25691e-18 
288 262  0.0  -2.4452e-19 
288 264  0.0  -2.25691e-18 
288 267  0.0  -2.4452e-19 
288 268  0.0  -2.71219e-18 
288 284 -15.6757 0.0 
288 288  16.4819 4.08001e-16 
289 115 -0.245755 0.0 
289 125 -0.680948 0.0 
289 189  0.0  -2.2527e-18 
289 190  0.0  -2.07118e-18 
289 275 -0.0809513 0.0 
289 289  1.00765 4.9873e-17 
289 443  0.0  -3.23635e-17 
290 115 -1666.67 0.0 
290 123 -2.94985 0.0 
290 189  0.0  -5.27295e-18 
290 190  0.0  -8.48828e-18 
290 290  1669.62 1.11024e-16 
291 14 -1.5441 0.0 
291 189  0.0  -4.04048e-19 
291 192  0.0  -1.60327e-18 
291 269 -0.173458 0.0 
291 287 -0.173458 0.0 
291 291  1.89101 1.06433e-17 
291 443  0.0  -2.29916e-19 
292 13 -1.5441 0.0 
292 126 -0.173458 0.0 
292 189  0.0  -4.04048e-19 
292 192  0.0  -1.60327e-18 
292 270 -0.173458 0.0 
292 292  1.89101 1.06433e-17 
292 443  0.0  -2.29916e-19 
293 14 -2.42779 0.0 
293 125 -0.188218 0.0 
293 127 -0.188218 0.0 
293 190  0.0  -1.27133e-19 
293 293  2.80423 1.9727e-17 
294 81 -24.2838 0.0 
294 92 -6.93303 0.0 
294 294 31.2168 0.0 
295 90 -11.8108 0.0 
295 295 43.6462 0.0 
295 312 -31.8355 0.0 
296 80 -45.7254 0.0 
296 88 -6.93881 0.0 
296 296 52.6642 0.0 
297 97 -32.0797 0.0 
297 297 32.6898 0.0 
297 309 -0.610091 0.0 
298 86 -7.32107 0.0 
298 95 -31.8355 0.0 
298 298 39.1565 0.0 
299 94 -33.787 0.0 
299 299 60.8738 0.0 
299 301 -14.481 0.0 
300 102 -34.0441 0.0 
300 300 40.9514 0.0 
300 436 -6.90737 0.0 
301 10 -4.2038 0.0 
301 299 -14.481 0.0 
301 301  18.6848 6.48933e-17 
302 104 -19.9665 0.0 
302 302  67.9023 1.36227e-16 
302 303 -0.368632 0.0 
302 434 -47.5672 0.0 
303 302 -0.368632 0.0 
303 303  2.03222 7.07586e-17 
303 438 -1.66359 0.0 
304 304  33.6872 3.7435e-16 
304 314 -33.0771 0.0 
304 434 -0.610091 0.0 
305 99 -92.1014 0.0 
305 103 -12.4988 0.0 
305 305  104.6 8.13323e-17 
306 98 -14.214 0.0 
306 306  21.5351 2.13863e-16 
306 307 -7.32107 0.0 
307 93 -14.9148 0.0 
307 306 -7.32107 0.0 
307 307  22.2359 3.10412e-17 
308 3 -36.6307 0.0 
308 66  0.0  -1.55699e-16 
308 109 -27.5126 0.0 
308 308  64.1433 2.08033e-15 
308 326  0.0  -2.64374e-16 
308 328  0.0  -6.31094e-16 
308 343  0.0  -2.30829e-17 
309 192  0.0  -4.8835e-17 
309 297 -0.610091 0.0 
309 309  32.4456 4.07818e-16 
309 312 -31.8355 0.0 
310 13  0.0  -8.03731e-18 
310 92 -9.06052 0.0 
310 96 -32.0088 0.0 
310 310  41.0693 1.98093e-16 
311 4 -8.23276 0.0 
311 93 -0.758558 0.0 
311 286  0.0  -2.18364e-17 
311 311  9.7733 2.79288e-16 
311 313 -0.781989 0.0 
312 14  0.0  -8.03731e-18 
312 15 -29.9963 0.0 
312 295 -31.8355 0.0 
312 309 -31.8355 0.0 
312 312  93.6673 5.32623e-17 
313 86 -14.9148 0.0 
313 286  0.0  -2.14156e-17 
313 311 -0.781989 0.0 
313 313  15.6968 3.03776e-16 
314 103 -33.0771 0.0 
314 304 -33.0771 0.0 
314 314  94.7986 6.32257e-17 
314 441  0.0  -1.31339e-17 
314 442 -28.6444 0.0 
315 6 -5.38158 0.0 
315 106 -5.99441 0.0 
315 315  11.376 1.03485e-16 
315 334  0.0  -3.67923e-19 
315 335  0.0  -3.67923e-19 
315 347  0.0  -4.17533e-17 
316 10 -3.30981 0.0 
316 108 -33.3333 0.0 
316 316  36.6431 1.49443e-15 
316 330  0.0  -5.17703e-17 
316 333  0.0  -6.7039e-17 
316 336  0.0  -7.04105e-17 
316 339  0.0  -1.04793e-17 
316 340  0.0  -3.70166e-17 
316 341  0.0  -7.04287e-17 
316 342  0.0  -7.46583e-18 
316 346  0.0  -3.08449e-17 
316 387  0.0  -1.38206e-16 
317 69  0.0  -1.52248e-17 
317 84 -58.3301 0.0 
317 109 -2.9694 0.0 
317 317  61.2995 1.0339e-15 
317 328  0.0  -3.78333e-16 
317 337  0.0  -4.51186e-18 
318 70 -0.0751179 0.0 
318 318 0.260801 0.0 
318 335 -0.185683 0.0 
319 319 0.260034 0.0 
319 327 -0.0765363 0.0 
319 331 -0.183498 0.0 
320 320 0.260034 0.0 
320 327 -0.0765363 0.0 
320 336 -0.183498 0.0 
321 321 0.223353 0.0 
321 335 -0.185683 0.0 
321 347 -0.0376702 0.0 
322 322 0.221168 0.0 
322 331 -0.183498 0.0 
322 346 -0.0376702 0.0 
323 323 0.260034 0.0 
323 332 -0.183498 0.0 
323 345 -0.0765363 0.0 
324 324 0.260034 0.0 
324 333 -0.183498 0.0 
324 345 -0.0765363 0.0 
325 68 -2.03881 0.0 
325 69 -1.08108 0.0 
325 73 -86.844 0.0 
325 325  89.9639 1.73046e-17 
326 66 -5.40541 0.0 
326 308  0.0  -2.64374e-16 
326 326  7.35712 3.45498e-16 
326 328 -1.95172 0.0 
327 5 -0.36442 0.0 
327 319 -0.0765363 0.0 
327 320 -0.0765363 0.0 
327 327  0.517492 2.02545e-16 
328 73 -20.8356 0.0 
328 308  0.0  -6.31094e-16 
328 317  0.0  -3.78333e-16 
328 326 -1.95172 0.0 
328 328  22.7873 1.17288e-15 
329 2 -2.06075 0.0 
329 79 -0.183498 0.0 
329 329  2.42774 3.5063e-17 
329 341 -0.183498 0.0 
330 9 -2.06075 0.0 
330 316  0.0  -5.17703e-17 
330 330  2.42774 9.258e-17 
330 340 -0.183498 0.0 
330 342 -0.183498 0.0 
330 387  0.0  -1.015e-17 
331 5 -2.06075 0.0 
331 319 -0.183498 0.0 
331 322 -0.183498 0.0 
331 331  2.42774 4.09959e-17 
332 8 -2.06075 0.0 
332 76 -0.183498 0.0 
332 323 -0.183498 0.0 
332 332  2.42774 4.08097e-17 
332 387  0.0  -1.015e-17 
333 8 -2.06075 0.0 
333 316  0.0  -6.7039e-17 
333 324 -0.183498 0.0 
333 333  2.42774 1.08035e-16 
333 346 -0.183498 0.0 
334 6  0.0  -7.72638e-18 
334 8 -0.589637 0.0 
334 77 -0.119504 0.0 
334 315  0.0  -3.67923e-19 
334 334  0.828645 7.66357e-17 
334 347 -0.119504 0.0 
335 5 -2.21698 0.0 
335 6  0.0  -7.72638e-18 
335 315  0.0  -3.67923e-19 
335 318 -0.185683 0.0 
335 321 -0.185683 0.0 
335 335  2.58834 4.63937e-17 
336 5 -2.06075 0.0 
336 316  0.0  -7.04105e-17 
336 320 -0.183498 0.0 
336 336  2.42774 1.05474e-16 
336 339 -0.183498 0.0 
337 70 -0.0751179 0.0 
337 71 -0.48266 0.0 
337 317  0.0  -4.51186e-18 
337 337  0.557778 1.06741e-16 
338 7  0.0  -3.54253e-17 
338 9 -0.0946844 0.0 
338 10  0.0  -2.07905e-17 
338 74 -0.247843 0.0 
338 338  0.342528 4.23989e-16 
338 385  0.0  -2.39038e-17 
339 79 -0.110656 0.0 
339 316  0.0  -1.04793e-17 
339 336 -0.183498 0.0 
339 339  0.294154 3.52494e-17 
340 9 -0.091255 0.0 
340 316  0.0  -3.70166e-17 
340 330 -0.183498 0.0 
340 340  0.274753 3.12545e-16 
340 387  0.0  -2.02942e-17 
341 2 -0.091255 0.0 
341 85  0.0  -2.40865e-17 
341 316  0.0  -7.04287e-17 
341 329 -0.183498 0.0 
341 341  0.274753 3.51191e-16 
342 7  0.0  -2.18937e-17 
342 76 -0.110656 0.0 
342 316  0.0  -7.46583e-18 
342 330 -0.183498 0.0 
342 342  0.294154 7.02246e-17 
342 387  0.0  -1.39325e-17 
343 2 -0.0897199 0.0 
343 72 -0.48266 0.0 
343 308  0.0  -2.30829e-17 
343 343  0.57238 2.73901e-16 
344 8 -0.375526 0.0 
344 77 -0.0797843 0.0 
344 78 -0.0797843 0.0 
344 344  0.535095 1.75533e-16 
344 385  0.0  -3.54821e-18 
345 8 -0.36442 0.0 
345 323 -0.0765363 0.0 
345 324 -0.0765363 0.0 
345 345  0.517492 2.21305e-16 
345 387  0.0  -2.02942e-17 
346 6  0.0  -5.55383e-17 
346 316  0.0  -3.08449e-17 
346 322 -0.0376702 0.0 
346 333 -0.183498 0.0 
346 346  0.221168 1.78609e-16 
347 6  0.0  -7.45152e-17 
347 315  0.0  -4.17533e-17 
347 321 -0.0376702 0.0 
347 334 -0.119504 0.0 
347 347  0.157174 1.8864e-16 
348 37 -0.127292 0.0 
348 348 0.310789 0.0 
348 379 -0.183498 0.0 
349 37 -0.127292 0.0 
349 349 0.310789 0.0 
349 399 -0.183498 0.0 
350 36 -0.172164 0.0 
350 350 0.663611 0.0 
350 364 -0.491446 0.0 
351 35 -0.110656 0.0 
351 351 0.294154 0.0 
351 379 -0.183498 0.0 
352 34 -0.127292 0.0 
352 352 0.310789 0.0 
352 397 -0.183498 0.0 
353 34 -0.127292 0.0 
353 353 0.310789 0.0 
353 381 -0.183498 0.0 
354 354 0.357847 0.0 
354 374 -0.172164 0.0 
354 396 -0.185683 0.0 
355 355 0.673339 0.0 
355 366 -0.501175 0.0 
355 371 -0.172164 0.0 
356 356 0.294154 0.0 
356 390 -0.183498 0.0 
356 400 -0.110656 0.0 
357 357 0.310789 0.0 
357 386 -0.183498 0.0 
357 398 -0.127292 0.0 
358 358 0.310789 0.0 
358 388 -0.183498 0.0 
358 398 -0.127292 0.0 
359 46 -0.491446 0.0 
359 359 0.674062 0.0 
359 370 -0.182616 0.0 
360 360 0.294154 0.0 
360 386 -0.183498 0.0 
360 409 -0.110656 0.0 
361 361 0.311508 0.0 
361 384 -0.183498 0.0 
361 405 -0.12801 0.0 
362 28 -0.123016 0.0 
362 362 2.02968 0.0 
362 368 -0.491446 0.0 
362 430 -1.41522 0.0 
363 28 -0.242188 0.0 
363 39 -0.247843 0.0 
363 363 1.90525 0.0 
363 429 -1.41522 0.0 
364 26 -0.12886 0.0 
364 350 -0.491446 0.0 
364 364 2.03552 0.0 
364 421 -1.41522 0.0 
365 26 -0.222336 0.0 
365 365 1.8854 0.0 
365 375 -0.247843 0.0 
365 422 -1.41522 0.0 
366 17 -1.206 0.0 
366 355 -0.501175 0.0 
366 366 1.81835 0.0 
366 367 -0.111173 0.0 
367 18 -1.206 0.0 
367 25 -0.908133 0.0 
367 366 -0.111173 0.0 
367 367 2.22531 0.0 
368 362 -0.491446 0.0 
368 368  0.620022 1.21725e-16 
368 430 -0.128576 0.0 
369 19 -0.211334 0.0 
369 33 -0.174116 0.0 
369 369  0.385449 5.18031e-17 
370 18 -2.00333 0.0 
370 359 -0.182616 0.0 
370 370  2.36857 3.72108e-17 
370 411 -0.182616 0.0 
371 17 -1.49431 0.0 
371 355 -0.172164 0.0 
371 371  1.83864 4.0498e-17 
371 402 -0.172164 0.0 
372 55 -0.172164 0.0 
372 56 -0.172164 0.0 
372 372  1.83864 4.0498e-17 
372 424 -1.49431 0.0 
373 57 -0.127292 0.0 
373 58 -0.127292 0.0 
373 373  0.910657 5.14592e-17 
373 424 -0.656073 0.0 
374 354 -0.172164 0.0 
374 374  1.83864 4.0498e-17 
374 375 -0.172164 0.0 
374 422 -1.49431 0.0 
375 365 -0.247843 0.0 
375 374 -0.172164 0.0 
375 375  0.420007 1.11242e-16 
376 240 -2.03522 0.0 
376 376 2.03522 0.0 
376 448 -1 0.0 
377 42 -0.183498 0.0 
377 65 -0.183498 0.0 
377 377  2.42774 2.66991e-17 
377 430 -2.06075 0.0 
378 41 -0.183498 0.0 
378 63 -0.183498 0.0 
378 378  2.42774 2.66991e-17 
378 429 -2.06075 0.0 
379 348 -0.183498 0.0 
379 351 -0.183498 0.0 
379 379  2.42774 2.66991e-17 
379 421 -2.06075 0.0 
380 27 -1.08108 0.0 
380 30 -2.12052 0.0 
380 45 -6.93693 0.0 
380 380  10.1385 1.88837e-16 
380 444  0.0  -7.40711e-17 
381 35 -0.183498 0.0 
381 353 -0.183498 0.0 
381 381  2.42774 2.66991e-17 
381 422 -2.06075 0.0 
382 26 -0.122877 0.0 
382 382  1055.19 1.88681e-16 
382 391 -1.08108 0.0 
382 428 -1053.98 0.0 
383 43 -27.4922 0.0 
383 44 -105.787 0.0 
383 383  160.772 1.02434e-16 
383 395 -27.4922 0.0 
383 444  0.0  -5.00959e-17 
384 19 -2.06075 0.0 
384 216  0.0  -8.79721e-18 
384 361 -0.183498 0.0 
384 384  2.42774 3.94569e-17 
384 409 -0.183498 0.0 
385 7 -19.4595 0.0 
385 8  0.0  -3.36283e-16 
385 9  0.0  -3.36283e-16 
385 338  0.0  -2.39038e-17 
385 344  0.0  -3.54821e-18 
385 385  21.1731 7.13617e-16 
385 387 -1.7136 0.0 
386 18 -2.06075 0.0 
386 216  0.0  -8.79721e-18 
386 357 -0.183498 0.0 
386 360 -0.183498 0.0 
386 386  2.42774 3.94569e-17 
387 8  0.0  -3.20749e-16 
387 9  0.0  -3.20749e-16 
387 316  0.0  -1.38206e-16 
387 330  0.0  -1.015e-17 
387 332  0.0  -1.015e-17 
387 340  0.0  -2.02942e-17 
387 342  0.0  -1.39325e-17 
387 345  0.0  -2.02942e-17 
387 385 -1.7136 0.0 
387 387  22.5492 1.08646e-15 
387 389 -20.8356 0.0 
387 444  0.0  -9.7295e-17 
388 18 -2.06075 0.0 
388 217  0.0  -4.97077e-18 
388 358 -0.183498 0.0 
388 388  2.42774 7.17032e-17 
388 400 -0.183498 0.0 
388 444  0.0  -3.32194e-17 
389 43 -4.26089 0.0 
389 387 -20.8356 0.0 
389 389  25.0965 3.80771e-16 
389 444  0.0  -2.41132e-16 
390 17 -2.06075 0.0 
390 53 -0.183498 0.0 
390 217  0.0  -5.01249e-18 
390 356 -0.183498 0.0 
390 390  2.42774 7.18214e-17 
390 444  0.0  -3.32194e-17 
391 29 -2.12052 0.0 
391 44 -6.93693 0.0 
391 382 -1.08108 0.0 
391 391  10.1385 1.88837e-16 
391 444  0.0  -7.40711e-17 
392 17 -2.06075 0.0 
392 52 -0.183498 0.0 
392 217  0.0  -3.67837e-18 
392 219  0.0  -1.57644e-17 
392 392  2.42774 5.0072e-17 
392 406 -0.183498 0.0 
393 45 -20.8356 0.0 
393 393  28.1753 1.35612e-16 
393 395 -7.33972 0.0 
393 444  0.0  -5.70117e-17 
394 54 -0.183498 0.0 
394 58 -0.183498 0.0 
394 219  0.0  -3.24591e-18 
394 394  2.42774 3.01281e-17 
394 424 -2.06075 0.0 
395 383 -27.4922 0.0 
395 393 -7.33972 0.0 
395 395  34.832 2.20927e-16 
395 444  0.0  -1.39907e-16 
396 60 -0.185683 0.0 
396 354 -0.185683 0.0 
396 396  2.58834 3.98634e-17 
396 422 -2.21698 0.0 
396 444  0.0  -1.564e-18 
397 59 -0.183498 0.0 
397 352 -0.183498 0.0 
397 397  2.42774 6.29422e-17 
397 422 -2.06075 0.0 
397 444  0.0  -2.91045e-17 
398 18 -0.656073 0.0 
398 216  0.0  -1.23604e-17 
398 217  0.0  -2.20205e-17 
398 357 -0.127292 0.0 
398 358 -0.127292 0.0 
398 398  0.910657 9.54378e-17 
399 349 -0.183498 0.0 
399 399  2.42774 5.59573e-17 
399 412 -0.183498 0.0 
399 421 -2.06075 0.0 
399 444  0.0  -2.78821e-17 
400 356 -0.110656 0.0 
400 388 -0.183498 0.0 
400 400  0.294154 8.85645e-17 
400 444  0.0  -5.23483e-17 
401 61 -0.183498 0.0 
401 64 -0.183498 0.0 
401 401  2.42774 5.71541e-17 
401 429 -2.06075 0.0 
401 444  0.0  -2.8738e-17 
402 48 -0.247843 0.0 
402 218  0.0  -8.76828e-18 
402 371 -0.172164 0.0 
402 402  0.420007 1.67678e-16 
402 423  0.0  -3.55973e-17 
403 33 -0.174116 0.0 
403 47 -0.247843 0.0 
403 215  0.0  -6.19667e-18 
403 403  0.421959 1.47551e-16 
403 431  0.0  -3.56605e-17 
404 17 -0.656073 0.0 
404 52 -0.127292 0.0 
404 53 -0.127292 0.0 
404 217  0.0  -2.57486e-17 
404 404  0.910657 8.6836e-17 
405 19 -0.6628 0.0 
405 214  0.0  -1.92866e-17 
405 216  0.0  -1.38986e-17 
405 361 -0.12801 0.0 
405 405  0.91882 9.36525e-17 
405 407 -0.12801 0.0 
406 54 -0.110656 0.0 
406 219  0.0  -1.88093e-17 
406 392 -0.183498 0.0 
406 406  0.294154 6.76695e-17 
406 423  0.0  -2.24343e-17 
407 19 -0.211382 0.0 
407 202  0.0  -7.34332e-18 
407 214  0.0  -1.51183e-17 
407 405 -0.12801 0.0 
407 407  0.339391 7.03368e-17 
408 31 -0.183498 0.0 
408 59 -0.0171477 0.0 
408 408  0.200645 3.63457e-16 
408 444  0.0  -1.64599e-16 
409 216  0.0  -1.22664e-17 
409 360 -0.110656 0.0 
409 384 -0.183498 0.0 
409 409  0.294154 6.08138e-17 
409 431  0.0  -2.16148e-17 
410 32 -0.119504 0.0 
410 60 -0.0171477 0.0 
410 410  0.136652 2.57814e-16 
410 444  0.0  -4.05893e-17 
411 25 -0.38774 0.0 
411 370 -0.182616 0.0 
411 411  0.570356 1.87261e-16 
411 444  0.0  -4.87244e-17 
412 61 -0.110656 0.0 
412 399 -0.183498 0.0 
412 412  0.294154 8.85645e-17 
412 444  0.0  -5.23483e-17 
413 220 -18.4366 0.0 
413 413  18.4371 6.15351e-16 
413 414 -0.000522466 0.0 
414 66 -39.5343 0.0 
414 413 -0.000522466 0.0 
414 414  39.5348 8.07299e-16 
415 175 -1613.59 0.0 
415 204 -15.6371 0.0 
415 240  0.0  -2.63259e-18 
415 243  0.0  -4.89783e-19 
415 415  1629.22 8.46635e-14 
415 416  -9.7131e-05 -8.1248e-14 
415 419 -2.38192e-06 0.0 
415 444  -1.60991e-05 -2.7368e-15 
416 141 -0.869006 0.0 
416 187  0.0  -3.46859e-16 
416 204  0.0  -1.79244e-16 
416 206  0.0  -1.91244e-16 
416 208  0.0  -9.48884e-18 
416 243 -0.211224 0.0 
416 245 -1.5441 0.0 
416 247 -0.609715 0.0 
416 249 -0.0769556 0.0 
416 415  0.0  -8.1248e-14 
416 416  3.311 8.80888e-14 
416 419  0.0  -2.42472e-15 
416 444  0.0  -3.6892e-15 
417 177 -1792.43 0.0 
417 210 -15.6371 0.0 
417 417  1808.07 8.46591e-14 
417 418  -9.71338e-05 -8.12483e-14 
417 419 -2.38203e-06 0.0 
417 444  -1.60997e-05 -2.7368e-15 
418 140 -0.340204 0.0 
418 187  0.0  -3.42706e-16 
418 200  0.0  -1.91196e-16 
418 210  0.0  -1.8942e-16 
418 212  0.0  -2.20116e-18 
418 238 -0.187661 0.0 
418 248 -2.6716 0.0 
418 252 -0.098668 0.0 
418 417  0.0  -8.12483e-14 
418 418  3.29813 8.81988e-14 
418 419  0.0  -2.42472e-15 
418 444  0.0  -3.68912e-15 
419 140  0.0  -8.63069e-18 
419 185 -15.6371 0.0 
419 191 -304.92 0.0 
419 250  0.0  -2.45576e-17 
419 251  0.0  -2.47451e-17 
419 415 -0.000115612 0.0 
419 416  9.7131e-05 -2.42472e-15 
419 417 -0.000115616 0.0 
419 418  9.71338e-05 -2.42472e-15 
419 419  320.557 1.01618e-14 
419 444  3.21988e-05 -4.48496e-15 
420 36 -0.172164 0.0 
420 50 -0.247843 0.0 
420 420  0.420007 1.60125e-16 
420 444  0.0  -3.96753e-17 
421 36 -1.49431 0.0 
421 37 -0.656073 0.0 
421 50 -1.41522 0.0 
421 364 -1.41522 0.0 
421 379 -2.06075 0.0 
421 399 -2.06075 0.0 
421 421  9.10231 1.16507e-13 
421 428  0.0  -2.7809e-15 
421 444  0.0  -1.13726e-13 
422 34 -0.656073 0.0 
422 365 -1.41522 0.0 
422 374 -1.49431 0.0 
422 381 -2.06075 0.0 
422 396 -2.21698 0.0 
422 397 -2.06075 0.0 
422 422  9.90407 1.16507e-13 
422 428  0.0  -2.7809e-15 
422 444  0.0  -1.13726e-13 
423 17  3.0547e-05 -6.7537e-14 
423 218 -19.4595 0.0 
423 402  0.0  -3.55973e-17 
423 406  0.0  -2.24343e-17 
423 423  19.4599 1.42411e-13 
423 424  3.0547e-05 -6.7537e-14 
423 444  -0.000534041 -6.8432e-15 
424 31 -2.06075 0.0 
424 32 -0.589637 0.0 
424 49 -1.41522 0.0 
424 372 -1.49431 0.0 
424 373 -0.656073 0.0 
424 394 -2.06075 0.0 
424 423  0.0  -6.7537e-14 
424 424  8.27673 1.4203e-13 
424 444  0.0  -7.44929e-14 
425 80 -20.7956 0.0 
425 286  0.0  -3.42235e-17 
425 425  21.7294 1.43413e-16 
425 437 -0.933811 0.0 
426 87 -1.20914 0.0 
426 286  0.0  -3.05379e-17 
426 426  1.20914 1.6867e-16 
427 95 -29.9963 0.0 
427 286  0.0  -2.88544e-17 
427 427  30.9302 1.0999e-16 
427 440 -0.933811 0.0 
428 29 -19.4595 0.0 
428 382 -1053.98 0.0 
428 421  0.000228449 -2.7809e-15 
428 422  0.000228452 -2.7809e-15 
428 428  1073.44 1.06644e-14 
428 444  -0.000467849 -5.0912e-15 
429 16  0.0  -2.7809e-15 
429 38 -1.49431 0.0 
429 40 -0.656073 0.0 
429 51 -1.41522 0.0 
429 363 -1.41522 0.0 
429 378 -2.06075 0.0 
429 401 -2.06075 0.0 
429 429  9.10231 1.16507e-13 
429 444  0.0  -1.13726e-13 
430 16  0.0  -2.7809e-15 
430 42 -0.13197 0.0 
430 362 -1.41522 0.0 
430 368 -0.128576 0.0 
430 377 -2.06075 0.0 
430 430  3.73651 1.16507e-13 
430 444  0.0  -1.13726e-13 
431 18  3.05669e-05 -6.7531e-14 
431 19  3.05669e-05 -6.7531e-14 
431 215 -19.4595 0.0 
431 403  0.0  -3.56605e-17 
431 409  0.0  -2.16148e-17 
431 431  19.4599 1.42836e-13 
431 444  -0.000534036 -6.843e-15 
432 81 -38.5579 0.0 
432 432  42.0249 9.53362e-16 
432 436 -3.46693 0.0 
433 91 -1.20914 0.0 
433 433  1.20914 1.38132e-16 
434 4  -1.1278e-05 -9.3326e-16 
434 11 -3.23457e-07 0.0 
434 12  -6.8998e-05 -4.54936e-14 
434 100 -5.99452 0.0 
434 101 -6.09756 0.0 
434 302 -47.5672 0.0 
434 304 -0.610091 0.0 
434 434  62.1371 4.66593e-14 
434 435 -1.86762 0.0 
435 4  -1.128e-05 -9.3326e-16 
435 12  0.0  -1.38988e-17 
435 13  -6.9013e-05 -4.54941e-14 
435 96 -6.04102 0.0 
435 434 -1.86762 0.0 
435 435  7.90872 4.6688e-14 
435 443 -3.21027e-07 0.0 
436 300 -6.90737 0.0 
436 432 -3.46693 0.0 
436 436  10.3743 6.98807e-16 
437 99 -62.3115 0.0 
437 286  0.0  -7.17154e-19 
437 425 -0.933811 0.0 
437 437  63.2453 1.51036e-17 
438 303 -1.66359 0.0 
438 438  1.66359 1.70525e-16 
439 82 -1.66359 0.0 
439 286  0.0  -3.04736e-17 
439 439  1.66359 2.05765e-16 
440 98 -62.3115 0.0 
440 286  0.0  -7.17154e-19 
440 427 -0.933811 0.0 
440 440  63.2453 1.51036e-17 
441 4  0.0  -1.62612e-15 
441 11  0.0  -5.9206e-16 
441 15  0.0  -1.38988e-17 
441 129 -0.0741213 0.0 
441 131 -0.0712078 0.0 
441 276 -3.24686 0.0 
441 278 -2.76007 0.0 
441 314  0.0  -1.31339e-17 
441 441  6.15226 4.81669e-14 
441 442  0.0  -4.5476e-14 
442 4  -1.1275e-05 -9.3322e-16 
442 11 -3.23353e-07 0.0 
442 15 -0.933811 0.0 
442 286  0.0  -7.17154e-19 
442 314 -28.6444 0.0 
442 441  -6.8983e-05 -4.5476e-14 
442 442  29.5783 4.64243e-14 
443 4  2.2558e-05 -1.55188e-15 
443 13  6.9013e-05 -5.904e-16 
443 14  6.9e-05 -5.904e-16 
443 15 -8.05989e-05 0.0 
443 189 -3.78378 0.0 
443 287  0.0  -3.3238e-17 
443 289  0.0  -3.23635e-17 
443 291  0.0  -2.29916e-19 
443 292  0.0  -2.29916e-19 
443 435 -8.0614e-05 0.0 
443 443  3.78378 2.99156e-15 
444 444 1.0 0.0 
445 183  0.0  -8.15595e-17 
445 187  0.0  -1.02475e-16 
445 240  0.0  -1.75237e-16 
445 257 -0.862024 0.0 
445 444  0.0  -7.83695e-17 
445 445  0.862024 8.94972e-16 
445 446  0.0  -8.15595e-17 
445 449 -1 0.0 
446 188 -3.20611 0.0 
446 236  0.0  -4.30649e-18 
446 444  0.0  -2.13415e-17 
446 445  0.0  -8.15595e-17 
446 446  3.20611 2.64889e-16 
447 376 -1 0.0 
447 445 1.0 0.0 
447 447 -1 0.0 
448 376 1.0 0.0 
449 445 1.0 0.0 

